1229	in	6	1	
641	in	2		
867	in	4	2	
1091	in	10		
657	in	10		
1371	in	6	112	112
628	in	4		
461	in	5		
1193	in	4		
55	in	3	104	104
1384	in	4		
160	in	3		
508	in	9		3
377	in	11		4
1117	in	11		5
662	in	2	41	41
298	in	2	90	90
1037	in	3		
1330	in	3		
893	in	7		
362	in	4		
842	in	15		
981	in	3		
1160	in	2		
680	in	3		
1338	in	4	101	101
1167	in	3		
1287	in	6		
247	in	6		6
1124	in	2		
79	in	9		
226	in	12		
1209	in	5	27	27
694	in	4		
99	in	20		7
883	in	9		
872	in	2		
1315	in	3	60	60
1249	in	3		
645	in	11		
1364	in	11		8
1223	in	9		
1040	in	17		
380	in	9		9
998	in	3		
745	in	8		
10042701	in	2		
1372	in	11	10	
1259	in	5		
1097	in	9		
278	in	7		
1367	in	2	30	30
465	in	6		
943	in	4		
1375	in	2		
1297	in	5	14	14
115	in	10		
1382	in	9		
1366	in	8		
69	in	9		
1414	in	2		
479	in	4		
395	in	9		11
98	in	7		
1339	in	5	64	64
307	in	17		
188	in	13		12
321	in	9		
941	in	7		
254	in	11		
10109501	in	2		
1222	in	6	44	44
732	in	4		
708	in	4		
10020101	in	7		
326	in	7		
286	in	8		
499	in	13		
804	in	5	13	
352	in	6		
346	in	10		
15	in	11		
1064	in	12		
128	in	9		
797	in	3	90	90
1125	in	8		
690	in	10		14
1049	in	7		
655	in	10		
1318	in	5	97	97
255	in	10		
1383	in	7	15	15
192	in	3		
777	in	7		
276	in	9		
1068	in	6		
703	in	2		
691	in	12		
852	in	4		
1413	in	3	43	43
1301	in	3	50	50
1011	in	4		
1202	in	2		
882	in	2	91	91
1290	in	2		
327	in	9	70	70
1232	in	7		
1263	in	2		
1157	in	3		
918	in	2		
1252	in	11		
1073	in	3		
1377	in	12		
283	in	9		
475	in	12	15	16
783	in	3		
1254	in	11	17	
422	in	10		
1047	in	10		
447	in	6		
355	in	5	18	
249	in	2		
741	in	18		
1029	in	2		
1156	in	14		19
215	in	9		
643	in	13		
1213	in	7		
1271	in	5	113	113
85	in	7		
81	in	9		
1210	in	2		
621	in	7		
870	in	2		
948	in	4	3	3
19	in	7		
292	in	5		
1405	in	10	35	35
49	in	9		
10042708	in	2		
448	in	4		
1346	in	2	103	103
202	in	8		
484	in	3		
959	in	5		
127	in	7	9	9
829	in	4	18	
141	in	11		
1152	in	5		
1264	in	9		
991	in	5	68	68
310	in	9	20	
1045	in	3		
189	in	12		
808	in	9		
1281	in	4		
762	in	8		
1012	in	2		6
818	in	3	52	52
965	in	2	92	92
336	in	10		
10061101	in	2		
892	in	5	21	
932	in	6		
819	in	9		
304	in	14	22	23
359	in	14		
78	in	8		
213	in	2		
833	in	8		
82	in	8	24	
408	in	6		
605	in	8	25	
93	in	12		
1303	in	6		
291	in	6	26	
537	in	8		
358	in	3		
995	in	5		
394	in	7		
969	in	6		
56	in	7		27
1215	in	3		28
594	in	8		
1415	in	6	1	1
224	in	10		
185	in	7		
436	in	2	80	80
1360	in	6		29
1340	in	2		
10067902	in	2	92	92
994	in	3		
142	in	10		
129	in	7	30	
10086602	in	12		
1181	in	8		
646	in	9		
111	in	7	79	79
684	in	5		
664	in	7		
791	in	6		
630	in	11		
1179	in	2		
764	in	6	44	44
1147	in	5		
1245	in	3		
214	in	4	14	14
261	in	3		
293	in	7	29	
374	in	6		
820	in	3	14	14
486	in	8		
647	in	2		
738	in	7		31
167	in	7		
909	in	3		
908	in	2	75	75
496	in	4	100	100
933	in	3		
993	in	2		
84	in	12		
731	in	6		
1345	in	3	32	
397	in	7		
1183	in	2	29	29
46	in	7		
294	in	8		33
1203	in	6	112	112
42	in	5	91	91
1236	in	11		
1003	in	3		
17	in	9		
21	in	8	12	
1015	in	10		
506	in	2	75	75
977	in	3		
1163	in	5	108	108
32	in	8		
504	in	8		
442	in	9		
387	in	23		
656	in	10		
1070	in	4		
673	in	5		
748	in	9	34	
875	in	10		
1059	in	14	35	
488	in	6		
44	in	4	48	48
248	in	3	91	91
1312	in	2		
186	in	10		
1075	in	8		
851	in	4	104	104
1154	in	2		
354	in	7		
723	in	7		
1266	in	2		
104	in	9		
200	in	16		
1299	in	11		
443	in	7	36	37
859	in	2	40	40
613	in	6		27
1389	in	6	20	20
333	in	9		
329	in	9		
1005	in	11		
10000602	in	7		
381	in	7		
330	in	16	96	96
757	in	4		
898	in	3	13	13
515	in	2		
832	in	11		
10042707	in	2		
728	in	5		
1225	in	2		
388	in	7	11	
1314	in	9		
1355	in	6		
946	in	5	38	
1025	in	4		
1164	in	10		39
837	in	5		
3	in	4	63	63
439	in	10		
1208	in	9		
1358	in	2		
243	in	4		
0	in	9		
468	in	6		
244	in	2	40	40
1098	in	3		
1113	in	2		
325	in	2	67	67
429	in	10		
1054	in	10	40	
208	in	4	41	
747	in	8		
884	in	2	80	80
196	in	7		
1288	in	9		
906	in	8	42	43
1048	in	9		
1343	in	8		
373	in	8		
252	in	6		
809	in	16		
1050	in	12		
816	in	9		
1379	in	5	46	46
863	in	9		
102	in	14		
593	in	6		
365	in	6		
626	in	10		
76	in	12		
712	in	2		
485	in	10		
221	in	3		
550	in	5		
1112	in	5		
665	in	9	70	70
1017	in	5	71	71
1004	in	3		
963	in	11	34	34
547	in	8		
1148	in	5		
403	in	8		44
576	in	9		
457	in	11		
528	in	10		
743	in	9		
854	in	2		
446	in	7		
83	in	4	79	79
564	in	8		
827	in	6		
1008	in	12		
947	in	14		45
29	in	11	64	64
544	in	12		
602	in	6	39	39
364	in	13		
1057	in	3	19	19
847	in	10		
1087	in	4		
495	in	8		46
490	in	9		
936	in	3		
730	in	4	78	78
923	in	9	45	
951	in	7		
512	in	3		
48	in	8		
1001	in	11		
868	in	12		47
1066	in	8		
857	in	2		
45	in	3		31
133	in	7	44	46
1018	in	4	3	3
91	in	17		
1083	in	6		
150	in	7		
1295	in	2		
689	in	12		
1021	in	5		
159	in	6		
1220	in	4	48	
386	in	13		
1121	in	9		
463	in	9		
8	in	12	49	
668	in	14		
398	in	6		
1065	in	5		
736	in	5	50	
860	in	4	24	24
1140	in	9		
1067	in	4	19	19
10092403	in	2	6	6
675	in	7		
266	in	5		
407	in	8		51
1084	in	7		
300	in	7		
760	in	6		
880	in	4		52
749	in	4		
94	in	7		
122	in	9		
68	in	12	53	
123	in	15	5	
158	in	3	41	
1230	in	2		
686	in	10		
1251	in	6		
1139	in	10		26
473	in	9		
1002	in	30	54	
591	in	5		
910	in	10		
876	in	3		
297	in	7	55	
845	in	12	19	19
456	in	10		
72	in	9		
740	in	7		
1082	in	4		
1019	in	6		
1411	in	2	32	32
1128	in	7		
885	in	7		
1109	in	2		
464	in	5		
360	in	3		
375	in	8	20	56
585	in	2	103	103
979	in	3		
411	in	6		
583	in	9		
143	in	3		
999	in	6	44	44
1311	in	6	57	58
573	in	7		59
10092402	in	5		
1256	in	2	84	84
1191	in	4	101	101
886	in	5	60	
335	in	11	61	
223	in	8		
356	in	13	7	7
194	in	14	5	5
1276	in	5	58	58
1145	in	9		
1115	in	3		
1277	in	2		
9	in	2	75	75
840	in	7		62
578	in	11		63
1327	in	4		
530	in	7		
334	in	11		
1237	in	12	35	
887	in	9		
273	in	9		
822	in	3		
1226	in	2		
1409	in	2		
1035	in	8		
807	in	3		
134	in	5		
972	in	7	92	92
524	in	2		
830	in	2		
1206	in	11	64	
231	in	2		
195	in	7		51
177	in	5		
67	in	6		
63	in	4		
343	in	9		
114	in	10		
348	in	14		
1165	in	4		
540	in	11		
43	in	8		
629	in	7		
560	in	3	10	10
57	in	6		
555	in	10		
450	in	5		
782	in	9	64	64
4	in	7		
1013	in	9		65
1238	in	5		30
344	in	14		
155	in	6		
227	in	10		
1350	in	15		64
1347	in	6		
61	in	2		
197	in	7	7	7
826	in	4		
985	in	3		
756	in	4		
861	in	2	23	23
287	in	14	66	
916	in	3		
1166	in	9		
180	in	6	53	
217	in	8		
970	in	2	101	101
459	in	3		67
263	in	8		
855	in	7		
1211	in	11		
552	in	2		
339	in	7		
785	in	9		
758	in	7		
1104	in	2		
589	in	7		
828	in	7		
638	in	2		
1328	in	7	47	47
1334	in	2		
313	in	6		
363	in	3		
1365	in	8		
1356	in	4		
1142	in	4		
753	in	2		
267	in	10		
779	in	2		
699	in	7		
683	in	10		
794	in	2		
384	in	7		
75	in	8		
1086	in	2		
707	in	7		
734	in	8	68	
1096	in	4		
10086601	in	10		
935	in	3		
676	in	6		
234	in	13		
545	in	6		
920	in	4		
1284	in	6		
624	in	3	62	62
385	in	8		
178	in	7		
1248	in	3	86	86
1014	in	7		
1373	in	3	50	50
146	in	9	69	
95	in	5		
1136	in	6	70	3
987	in	7		38
922	in	9		
1162	in	11		
90	in	5		
274	in	11		
1171	in	2		
284	in	9		
523	in	6	112	112
763	in	6		
401	in	2		
926	in	5		
929	in	9		
823	in	10	71	
1217	in	7	47	47
277	in	6		
761	in	2		
66	in	5		
786	in	9		
103	in	8		72
1260	in	4		
874	in	7		
693	in	12	47	
713	in	14		
1361	in	12		
328	in	7		
1195	in	3	107	107
418	in	8		
666	in	9		
612	in	7		
1129	in	7	73	
950	in	4	14	14
1188	in	2	38	38
1182	in	7		57
587	in	8		
510	in	10		
938	in	8		
130	in	7		
428	in	5	4	4
1282	in	2	29	29
780	in	9		
775	in	3	65	65
971	in	4	52	52
1412	in	5	69	69
634	in	9		
754	in	8	16	16
844	in	12		
100	in	3		
1235	in	7		
204	in	3		
251	in	12	74	
888	in	10		
553	in	12		
216	in	4		
644	in	9		
302	in	2		75
720	in	10		
535	in	7	33	33
1352	in	5	76	
209	in	7	77	
1192	in	15		
702	in	8		
834	in	6		
1186	in	8		
1261	in	6		78
412	in	2		
264	in	7	79	
1120	in	4		
531	in	4	80	
567	in	4		
619	in	9		
176	in	7	81	
1380	in	3		75
1122	in	3		
222	in	3		
502	in	11		
600	in	5		60
1110	in	5		
858	in	6		
361	in	3		
632	in	7		
776	in	6		
931	in	6	101	101
836	in	11		
366	in	2		
765	in	7		
1329	in	3		
120	in	6		
309	in	3		
168	in	13	22	22
700	in	13		
1309	in	7		
256	in	6		82
402	in	7		
789	in	3		
1006	in	8		
268	in	8		
135	in	6		
912	in	2	85	85
1308	in	14		
265	in	4	67	
30	in	8	91	91
417	in	5	46	46
850	in	6		
416	in	2		
1317	in	2	3	3
1253	in	5	79	79
986	in	2		
253	in	11		10
1177	in	2	103	103
279	in	16	83	
821	in	12		
771	in	10		
260	in	4	84	
714	in	6		
511	in	4		
107	in	4		
1396	in	2		
960	in	8		
1024	in	4		
24	in	6		
802	in	20		
37	in	2	2	2
262	in	7		
1197	in	7	68	
1410	in	2		
430	in	13		23
12	in	16		85
739	in	2		
853	in	5		
211	in	6		
706	in	6		
565	in	4		
648	in	4	13	
651	in	5		
132	in	6	3	3
1111	in	2	91	91
183	in	5		
516	in	3		
784	in	11		
1027	in	6		
774	in	16		
1250	in	5		28
722	in	12		
577	in	9	70	70
1149	in	4	15	15
750	in	8		
831	in	8		
86	in	14		
503	in	10		
207	in	6	50	
419	in	6		
1294	in	2		
1243	in	4	57	57
526	in	6		86
817	in	11		
383	in	5	42	42
1394	in	2		
772	in	10		
96	in	4		
1185	in	7		
368	in	5		52
940	in	5		
674	in	6	24	
687	in	9		
179	in	5		
663	in	7		
170	in	4		
672	in	8	55	
793	in	2		
1023	in	2	75	75
1374	in	2		
1080	in	6		
1362	in	3	74	74
781	in	6	88	88
1218	in	10		
800	in	3		
163	in	4		
919	in	11		
347	in	7		
1138	in	12	19	19
1332	in	3	82	82
799	in	2	18	18
746	in	6		
238	in	9	64	64
92	in	7		
1062	in	6		
1298	in	9		
1324	in	10		8
1187	in	2	109	109
219	in	3		
174	in	11		87
50	in	9		
1234	in	5		
532	in	5		
654	in	3		
554	in	3		
518	in	9		
1322	in	2	74	74
1000	in	7	49	49
378	in	8	37	
1063	in	8		
525	in	11		
1370	in	3		
308	in	2	57	57
584	in	5		
171	in	3	22	22
87	in	11		
563	in	7		
597	in	8		
900	in	11	89	89
1407	in	2	49	49
2	in	6		
314	in	10		
1143	in	2		
843	in	2		
543	in	2		
1359	in	2	29	29
319	in	5		
1190	in	5		36
913	in	10	66	
889	in	5		
1270	in	4		
927	in	8	3	3
1106	in	5		
513	in	9		
958	in	2		
944	in	13	22	
1257	in	9		
317	in	15		
220	in	6		
688	in	9		
551	in	7	88	
568	in	4		
73	in	2		
1224	in	3	103	103
318	in	17	89	
1351	in	9		
595	in	7	90	91
39	in	12		
1074	in	9		92
1272	in	5	55	55
755	in	8		
1326	in	2		
581	in	4		
420	in	15		
767	in	5		
400	in	3	67	67
635	in	8	63	
967	in	9		
323	in	10		
873	in	5		93
1296	in	3		
735	in	5		
389	in	11		
449	in	5	108	108
1052	in	5	111	111
280	in	2	90	90
425	in	6		
803	in	2	50	50
801	in	4		
235	in	8		
766	in	7		
895	in	5	87	87
212	in	11		
975	in	11		
1378	in	6	25	25
1391	in	3	8	8
957	in	7		79
527	in	6		
792	in	6		
1060	in	4		21
865	in	2		
678	in	6		
606	in	6		
10012602	in	2		
557	in	11		
650	in	12	70	
622	in	2		
1262	in	2		
1131	in	9	94	
961	in	8		
59	in	10		
1214	in	5		
481	in	2		
897	in	16		
974	in	6		
26	in	12		
312	in	2		
978	in	6		
890	in	4		
677	in	6		
108	in	5	71	71
1042	in	16	95	
124	in	7		
110	in	16		
1176	in	7		
631	in	4		
23	in	16		96
1363	in	5	15	15
433	in	16		
58	in	4	37	37
925	in	12		
137	in	9		97
1078	in	2		
726	in	2		
1031	in	10		
810	in	2		
152	in	8		98
1170	in	4		
315	in	7	68	68
106	in	10	33	33
1240	in	7		
157	in	31		
1319	in	4		
501	in	6		
242	in	7		
717	in	3		
140	in	6	45	45
1144	in	5		
939	in	8		
1030	in	4	19	19
1307	in	3	103	103
592	in	8		
869	in	10		
976	in	8		
7	in	7		
627	in	6		
1275	in	13	39	
692	in	6		
1198	in	3	82	82
639	in	4		
596	in	6	106	106
153	in	6	51	51
538	in	9		
1267	in	7		
460	in	13		
542	in	12		
10139301	in	4		
454	in	11	33	99
811	in	8		
642	in	3		
432	in	5	14	14
116	in	8		
290	in	12		
173	in	14	85	
1221	in	9		92
370	in	2		
1056	in	6		
1388	in	5	11	11
467	in	5		
1099	in	8		
1304	in	9	61	
1300	in	4	102	102
770	in	8		
610	in	12		
1016	in	2		
559	in	9		
187	in	11	114	114
533	in	3		
20	in	6		
1184	in	3		
139	in	9		
878	in	8	104	104
77	in	4		
1292	in	7		
742	in	11		
710	in	8	49	
435	in	5		
1108	in	2		
182	in	10		
608	in	5		
1395	in	2		
721	in	19		
928	in	2		
1028	in	2		
232	in	2		
472	in	8		
455	in	7		
184	in	7		
10012601	in	5	100	
145	in	13	54	54
257	in	3	109	109
205	in	14	91	101
399	in	9		
489	in	3		
1026	in	2		
74	in	3	29	29
1105	in	9		
351	in	8	102	
27	in	10		
1283	in	3	53	53
172	in	7		
441	in	9		
350	in	12		
1044	in	7	88	
131	in	5		62
580	in	6	103	
871	in	2		
815	in	6		
1010	in	3		
1274	in	14	104	
125	in	15		
289	in	3		
558	in	10		105
1022	in	3		
1036	in	5		
295	in	4		
914	in	12		
241	in	7		
715	in	5	81	81
546	in	7	25	
136	in	7		
10013801	in	4		
10042704	in	2		
80	in	7		
236	in	16	106	
1	in	7	107	
1158	in	2	18	18
953	in	10		
10000603	in	3		
228	in	10		
682	in	3		
1055	in	12		
1034	in	13		
773	in	4		
272	in	10		
637	in	7	49	49
903	in	10	108	
1376	in	6		
164	in	10	109	
409	in	5		
1146	in	10		
161	in	4	9	9
332	in	3	105	105
1401	in	3		
599	in	5		
582	in	5		
1134	in	2		
1239	in	9		
1403	in	2		
1265	in	8	97	
281	in	7		17
864	in	9	54	110
229	in	9		
353	in	2	91	91
105	in	7		
670	in	2	72	72
733	in	3		
1130	in	9	98	
405	in	6		
149	in	10		
698	in	8		14
18	in	12		
233	in	4		
1199	in	6		
1325	in	6		
968	in	6	56	56
1219	in	10		
1335	in	5	103	
1200	in	7	92	92
954	in	7		
478	in	2	91	91
210	in	5		
423	in	13		
992	in	3	29	29
1133	in	2		
51	in	10		
296	in	2		
191	in	17		83
769	in	4		
671	in	12		
1231	in	6		
53	in	7	91	91
1093	in	8		1
1077	in	3		
930	in	13		
548	in	16		
218	in	12		
744	in	4		
534	in	10		
62	in	3		
1247	in	8		
658	in	10		101
491	in	11		
320	in	6		
282	in	10		
1306	in	2		
230	in	17		
902	in	13		
751	in	8		48
453	in	3		
514	in	5		
982	in	9		
203	in	7	12	12
1349	in	3		
984	in	3		
245	in	10		
1175	in	7		
1227	in	3	101	101
618	in	16		
193	in	6		
1094	in	10		
1189	in	3		
169	in	9		
1353	in	3		
64	in	11		
633	in	13		
1344	in	3		
270	in	4		
390	in	9		
240	in	9		
787	in	3	64	64
5	in	3	31	31
899	in	9	104	104
147	in	10		
426	in	10		
798	in	7		
727	in	7	111	112
813	in	10		
805	in	3		
660	in	4		
1400	in	3	14	14
901	in	3		
1331	in	10		
588	in	9		
1246	in	11		
410	in	9		
345	in	4		80
536	in	11	74	
905	in	2	36	36
838	in	9		
22	in	15		
937	in	6		
258	in	3	76	76
1150	in	3		
311	in	9	44	44
614	in	4		
376	in	4	108	108
1032	in	3		
1194	in	3		
10010102	in	5		
1169	in	3		
566	in	3		
1279	in	6		
469	in	10		
10	in	4	2	2
342	in	6	59	59
246	in	3		
522	in	9		
462	in	6	108	108
609	in	6		
1072	in	5	100	100
154	in	3	94	94
814	in	12		
1354	in	3	38	38
1118	in	7	26	26
1368	in	5		
1269	in	4		
35	in	9	14	14
437	in	9		2
1174	in	10		113
372	in	7		
1255	in	3		32
1116	in	9		73
942	in	2		
498	in	5		
1320	in	8		
70	in	12		71
118	in	3		112
1392	in	4	99	99
476	in	5		
1316	in	4		
119	in	4		
659	in	3	71	71
181	in	2		
1397	in	2	6	6
812	in	9		
620	in	13		
1323	in	8		
661	in	7		
1241	in	7		
1107	in	3	58	58
877	in	6		
1399	in	2		
896	in	10		
165	in	6		
1043	in	8		
71	in	2		
1216	in	9		
316	in	4	82	
206	in	13	101	101
1053	in	6		111
1153	in	2		
575	in	7		
1310	in	10		
1168	in	2		
1009	in	2		
445	in	8		
1207	in	3	86	
520	in	11		
907	in	8		
541	in	3		
590	in	14		114
509	in	6		
1228	in	9		
955	in	9		
1408	in	3	19	19
303	in	4		
1081	in	3		
1155	in	9		
989	in	4	2	2
1280	in	4	28	28
1390	in	2	20	20
1173	in	5		
285	in	8		
121	in	12		
701	in	10		114
945	in	6	46	46
1278	in	14	96	
1285	in	2		
1178	in	2		
1058	in	8		
561	in	9	91	91
1386	in	3		
148	in	3		
369	in	10		
392	in	7		81
1090	in	4		
47	in	10	14	14
60	in	6		
996	in	4		
36	in	8		
759	in	8		
652	in	6		
1204	in	10		
1404	in	6	61	61
711	in	5		
275	in	5		56
1103	in	7		
572	in	2		
719	in	7		43
340	in	7	93	
444	in	8	90	
440	in	9		
117	in	5	17	17
894	in	7		
337	in	8		
640	in	3	79	79
824	in	9	40	40
604	in	8		102
904	in	10		
1286	in	3		
603	in	2		
649	in	8	15	
34	in	6		
1141	in	10	95	95
574	in	7	107	
1341	in	3		
1273	in	8	91	91
507	in	3		
1159	in	8		
301	in	7		
1387	in	8	5	5
1196	in	2	107	107
598	in	2		
10042705	in	2		
391	in	14		
952	in	13		
88	in	9		
239	in	14		
519	in	7		59
41	in	6		
493	in	10		
1293	in	6		
14	in	8		100
382	in	4		
737	in	5		
1348	in	2	103	103
500	in	3		
825	in	11		
724	in	8	87	
570	in	11		
725	in	5	87	87
1046	in	2		
856	in	8		
1268	in	2		
367	in	10	65	
1180	in	3		
1385	in	3	21	21
306	in	11		
949	in	8		
1089	in	16		95
237	in	9		
718	in	11	99	
480	in	12		
16	in	6	72	
549	in	3	77	77
349	in	10		
38	in	7		
25	in	5		
89	in	3		
881	in	12		
1151	in	3		
305	in	3		
667	in	12		
915	in	9		
271	in	3		
458	in	8		
1258	in	4	84	
483	in	14		34
10067901	in	6	92	92
778	in	6		
1007	in	2		
505	in	4	57	57
956	in	5	58	
156	in	10	105	
322	in	7	77	
414	in	8		
65	in	5		110
696	in	2		
1205	in	2	92	92
1020	in	4		
835	in	7		
966	in	3		
911	in	2	23	23
1119	in	11		
1061	in	19		
1071	in	9		
1126	in	6		
1291	in	2		
199	in	12		
962	in	6		
716	in	12		
556	in	14	40	
539	in	8		
452	in	12		
1123	in	8		
917	in	10	83	83
338	in	14		
1201	in	4		
1102	in	2		
288	in	6		
492	in	4		
1114	in	12		
1406	in	2	91	91
529	in	7		
1135	in	5	58	58
980	in	12		
790	in	2	91	91
964	in	5		
415	in	10		
617	in	8	94	104
562	in	13	106	
1088	in	5	58	58
579	in	9		9
1289	in	9		69
393	in	8		
474	in	8		
1321	in	2		
434	in	11	109	
1033	in	3		
1161	in	4	108	108
1417	in	2	69	69
379	in	11		
113	in	9		
623	in	5		
697	in	6		
466	in	9		
1302	in	6		
1305	in	3	73	73
11	in	2	46	46
28	in	9		
841	in	2		
685	in	3	14	14
109	in	12	66	66
806	in	9		7
471	in	11		
421	in	7		
250	in	8		
653	in	6		
848	in	9		
607	in	7	15	15
879	in	2		
406	in	8		
983	in	5		
1357	in	9		
175	in	8	110	110
795	in	8		
849	in	3	103	103
470	in	14	108	
151	in	4		
299	in	3	103	103
31	in	14		
1402	in	2	93	93
487	in	15		
973	in	12		
198	in	9		
10042703	in	2	6	6
988	in	4		
615	in	5		
846	in	5		
40	in	13		
1132	in	6		
1333	in	3	17	17
625	in	2		
371	in	5		76
54	in	11		
477	in	6	98	98
269	in	6	79	79
669	in	6	72	72
494	in	6		
424	in	7	42	
112	in	8		
569	in	5		
705	in	3		
1212	in	5	33	33
166	in	6		
521	in	5		
331	in	9	4	
497	in	12		16
768	in	10		
695	in	6		
1172	in	3		
341	in	6		
601	in	10	113	
1051	in	2		
1342	in	3		
796	in	6		
1076	in	13	89	
1233	in	2		
52	in	8	78	
162	in	2		
259	in	8		
1137	in	5		
1244	in	8	74	74
709	in	4		
225	in	7		
1336	in	3		
404	in	2		
681	in	5		
1079	in	6		
704	in	9		
97	in	11		
324	in	5		
1313	in	6		
788	in	7		
571	in	11		
1069	in	6		
413	in	5		
144	in	7	81	81
396	in	13		19
190	in	11		
451	in	10		
